0 4 21.5875 -25.2526
0 6 14.437 -26.0102
0 8 6.28337 -26.7123
0 10 -0.973679 -26.8384
2 0 36.9673 -24.783
2 2 30.9827 -26.5401
2 4 23.8085 -27.2992
2 6 16.9907 -29.2738
2 8 8.01689 -30.1336
2 10 -0.880115 -30.4423
4 0 42.323 -27.1773
4 2 35.8646 -29.2621
4 4 28.5598 -31.7079
4 6 19.7969 -33.2359
4 8 9.7906 -34.7116
4 10 9.73452 -34.6928
6 0 -0.728511 -34.9883
6 2 -0.869282 -34.7985
6 4 48.5367 -29.865
6 6 41.248 -32.3619
6 8 33.7985 -35.5522
6 10 23.6676 -38.2304
8 0 11.8962 -39.8977
8 2 -1.76385 -40.8842
8 4 55.9207 -32.4407
8 6 49.6471 -35.4848
8 8 41.4544 -40.3195
8 10 30.5342 -44.2061
10 0 18.7216 -46.4162
10 2 0.157627 -48.7462
10 4 64.143 -34.2699
10 6 59.5696 -39.3517
10 8 51.646 -45.0601
10 10 39.594 -50.9193
0 0 22.081 -57.0692
