0 0 33.346 -22.7302
0 2 27.8547 -24.0773
0 4 21.6261 -25.2227
0 6 15.569 -23.8446
0 8 6.38528 -26.6755
0 10 -0.794292 -26.7279
2 0 37.7346 -24.9308
2 2 31.9581 -26.6804
2 4 25.0492 -28.1977
2 6 17.0254 -29.6393
2 8 8.1465 -30.3281
2 10 -0.279748 -30.668
4 0 42.5319 -27.3161
4 2 36.3369 -29.0686
4 4 27.3482 -31.4323
4 6 19.8698 -33.6148
4 8 9.99437 -35.8196
4 10 -0.185765 -35.8811
6 0 48.1214 -29.7477
6 2 41.8541 -32.3227
6 4 33.5092 -35.2763
6 6 23.2454 -38.0784
6 8 11.8153 -40.0501
6 10 -1.5575 -40.5428
8 0 55.3199 -31.9266
8 2 50.1802 -36.5196
8 4 41.0166 -39.7784
8 6 30.1832 -43.9998
8 8 15.2334 -47.4619
8 10 -1.90866 -47.9656
10 0 64.0382 -34.7171
10 2 58.7172 -39.3687
10 4 51.5666 -45.9516
10 6 38.0136 -51.9274
10 8 20.2473 -55.906
10 10 -2.3489 -58.0796
